resnet50-bs_256-speed: 0
resnet50-bs_128-speed: 1.54447
resnet50-bs_64-speed: 2.98329
resnet50-bs_32-speed: 5.40094
